0.1380613288421122
0.22013972529767922
0.23931021478117465
0.50308230929406
0.30118639114131296
0.9923007633587568
0.10727065159278937
0.7669200538194326
0.8814637608327431
0.49472647692497995
0.10077306734882496
0.2774498702634105
0.5880957900305731
0.442215636915956
0.014968202649206397
0.8961236163009259
0.30244625573930817
0.3014680014770317
0.21934385568764392
0.751328604577403
0.4930212011954528
0.043585637474951366
0.6003323624679825
0.47944198215257383
0.7954443939568554
0.42806098679077564
0.6024686771657316
0.0781266030812009
0.25673327117365563
0.11081939833647492
0.11755740486108279
0.42890837012348215
0.30382404117341555
0.6599111986090029
0.9427827772742485
0.6302798992206923
0.12779803909634813
0.6115522151027392
0.27089510029364194
0.8794140807980604
0.022260294504494516
0.6094580821843889
0.37669299088849906
0.6932585535968661
0.23878413719739833
0.6021846303462154
0.46222820420989663
0.0550328021563925
0.7648188387641425
0.8302979788006069
0.11811644431921708
0.4729521184712847
0.4364936622702157
0.7357713600216501
0.26130448775469817
0.15540452640167968
0.24148042400669345
0.4299548788583293
0.9269495539394885
0.1313721867142389
0.9107897462139479
0.9907742673669532
0.19844576640859546
0.7144359264441497
0.1096127966982885
0.15617629263618393
0.1029827925121094
0.24823427936408882
0.8408191220373507
0.2996335825220794
0.6574258369228074
0.0975152293814664
0.9168525045973686
0.4006528031913106
0.3426570180898738
0.756253559330658
0.1739721753488065
0.20414665432991463
0.5853789378761224
0.575391451282506
0.3716919986522651
0.6633273754193769
0.6151865210198681
0.8821114986260001
0.4554663880563016
0.03913833874039607
0.9291588424169775
0.28772487917323564
0.45086111091516956
0.4806043751473754
0.7586977861281267
0.16068300982142425
0.3235508068081697
0.7937870447558633
0.3650211535912534
0.6548671731522018
0.16478989420337575
0.9388781211334674
0.022211813099860422
0.5696422943341566
0.9899900112581734
0.3001382440269089
0.25020447217973407
0.4943350667930859
0.47603336841927113
0.8050442785673279
0.9891914203358179
0.16439337304380142
0.3738355891039774
0.9317086962950244
0.998997239543747
0.0913997556482361
0.6566068213978294
0.4812470801815487
0.7057751442706378
0.3903106524609853
0.6241607032740555
0.5360641438579337
0.804646267200248
0.7697758145007163
0.7363624672067081
0.004047579282127289
0.10818624579868463
0.5342546410616525
0.5098372249203096
0.7588168164666711
0.9097012948072303
0.9772174661148392
0.526921500565479
0.5147704077650046
0.7370380042116383
0.03942331364431373
0.646314175202329
0.46221903453188706
0.1486803133101905
0.4472282765898138
0.959750772824031
0.2980231880901607
0.833328620755285
0.1255688099771708
0.6238971854952534
0.6355051941476351
0.2712781608337119
0.2811023443044236
0.38151293865127867
0.8577287739304387
0.2788789031797483
0.10152383853257674
0.12832889717793772
0.4848953198517947
0.38222583224941875
0.8490509292232004
0.70305078559912
0.1429462661152484
0.9350541270089543
0.9220440114746641
0.19998610057482724
0.6866531556908326
0.4371007612879645
0.3341104053515138
0.43367992539201927
0.8460599130578925
0.0667599367720011
0.36982448047701433
0.16336139158697804
0.2928872741574007
0.17027691515426435
0.07545010801187979
0.8927945377771602
0.12114036336544887
0.13449111665342506
0.2956719936513795
0.1572386299490155
0.07828598022057087
0.39415870004605724
0.7673517527473539
0.25146498142890916
0.6344089360960397
0.7111754202610856
0.7754236912551032
0.8682462251609031
0.051638798626366667
0.11132411681114518
0.048691437693103135
0.9853143065950055
0.9357690999002247
0.9541862191298403
0.31488501078594644
0.13382652519649707
0.3593133493440417
0.7980234003572274
0.9206185541271182
0.6505814210536286
0.701830196354223
0.6212294401011074
0.5429640804475672
0.6013660941263903
0.6739487291901988
0.41828344016701235
0.7096939075008455
0.49395265403285205
0.7044773341997949
0.7124837006683539
0.5824522503643688
0.22697132999570102
0.4553037334806723
0.9558783430621989
0.54811543525041
0.16844041720837688
0.27785985503295496
0.49361422278600287
0.4702512040997294
0.23933496629895923
0.4123569085572485
0.12061341655802182
0.15532590008226876
0.6302423803309808
0.93047664887559
0.03997617431666656
0.6759865457999367
0.2323216271692916
0.06607198635816991
0.7204413180526963
0.8058480126187171
0.14006354369336815
0.9130618415593527
0.8475554337542412
0.7367183356010273
0.9435461530764649
0.8409800576548045
0.49055169478272576
0.8130630290383538
0.21564325605479473
0.09597942529940684
0.6961372032239812
0.4799406415806794
0.7431985925171946
0.9129300100255441
0.32781140289741284
0.03632900542176831
0.4501849481611051
0.813757800038177
0.4105424098512276
0.14022553064462107
0.15165875050283528
0.4237544997459922
0.7743000743130563
0.0728122135092516
0.432366000778016
0.3284126342507845
0.505724911624125
0.10754829091877405
0.6183560860273356
0.9663463225010284
0.7243828693764742
0.2203136893430625
0.1388798890682973
0.18974259475394484
0.7077959492845466
0.41190929942172105
0.8410841884524345
0.8386505281123743
0.6641848488493409
0.7662503840647745
0.7403318747316362
0.7985767478253698
0.4649838309390286
0.802337680471897
0.5102160366974648
0.8921283523816915
0.36811270995864664
0.34937416844891056
0.7597932444041332
0.1962449711411961
0.15512597812495887
0.9108091431692397
0.7628206952647242
0.7105042841628321
0.731011560605201
0.8364464849655308
0.103796280653636
0.44300092180986594
0.21979507329478487
0.563922872634311
0.5418693342123174
0.3494771755580911
0.5712605288371734
0.682282724245847
0.1688206178888555
0.9018133982046579
0.677003105421262
0.4090176888565289
0.2896885483884615
0.17936217930034348
0.13259173233351218
0.3352396539103176
0.1707513849528992
0.48767159029133333
0.3077117837594694
0.04228527058370324
0.005755437797719587
0.9785283504645594
0.868572226465892
0.1629817030570665
0.017085787941092834
0.18420611271123244
0.4257327755701352
0.38505335732883306
0.510644354370155
0.36442044516292094
0.3771562897905477
0.3284767826583401
0.19434662376221612
0.5987180017139057
0.966383738567681
0.7341426379162811
0.6376450548892147
0.2596853515770886
0.3364750513606438
0.36096030488683617
0.40712545088958096
0.8891618504152703
0.4156071417514704
0.2498514471274519
0.7495289265778406
0.76089730834183
0.9215967110257997
0.7929857371153243
0.31565162235265376
0.7327339499968617
0.3762118210871799
0.6151741060084893
0.42355502325129524
0.5238216005998969
0.6649597512677188
0.23448790278882548
0.8730146867578089
0.27239836404475426
0.787077880400043
0.4534693849960285
0.472616865676456
0.8674395458689124
0.24752434194195583
0.4346018242952816
0.34189697858652124
0.8708184557210312
0.6794126119484518
0.34875910253967457
0.808495062280593
0.7270542237829316
0.008400989318262608
0.18516503598946177
0.4952625684955708
0.34064702126710145
0.3220698818546194
0.045269175328129574
0.8760515650009449
0.6283774248787409
0.48507710697463136
0.9012049769246652
0.8995213889946391
0.46156540932567947
0.40107578952300926
0.10626619660782721
0.6576178621989534
0.7335722272336321
0.5037128355852355
0.5713573156797538
0.15776309556013512
0.41050538776172285
0.18777858380117995
0.4612890982274497
0.9084023044201345
0.1774204804608266
0.7225240248546172
0.022381892727040054
0.8755960699311917
0.33664712417350107
0.47370660867080006
0.9510991110463946
0.4231000333406242
0.7902620088172656
0.7763548367800105
0.46674757122128807
0.8692805115565839
0.8974392182959124
0.16839170580358676
0.7811825716734493
0.037290399438697164
0.7307786364630303
0.27480610266365824
0.13927730751977863
0.1392965683948315
0.5111125638970888
0.413605338248794
0.39890482291729745
0.04493978306168889
0.8953692227434167
0.6411970206668814
0.026916737305229255
0.05768901646434055
0.10373296597206316
0.39956641802086934
0.39331455299411233
0.25840744562614404
0.6299212869965524
0.7604789318749655
0.7766193419246573
0.48297790078140845
0.8697746711656132
0.8759396641992515
0.34816246782774074
0.9912731717642328
0.6246548271787712
0.042260441857578934
0.0684169660543219
0.7478072425345312
0.2975126175874895
0.9200314430906341
0.4401483294540872
0.030938726252471738
0.6106657001541852
0.46399470449640556
0.41115497559223935
0.21299815330685679
0.9261327605406655
0.2914900277042921
0.5920470291674738
0.838383695832716
0.002749341768825464
0.9273182739107569
0.7686305720174623
0.9045019233374155
0.5685485376846263
0.45239535589874136
0.4843939551549471
0.5695376641002913
0.6393784377950773
0.3938728817930236
0.5619867933874231
0.768097630897842
0.1898005575135162
0.8510819490874103
0.5110273973686521
0.5048840067671173
0.5793463206160556
0.43539785848357404
0.40912666536026454
0.23889122673963847
0.6450286119001144
0.5317338787827763
0.34829752317804896
0.9587019092942701
0.6667002387726912
0.8951232568692644
0.42904531911441046
0.34313038587038536
0.8005567665633392
0.9697142915630236
0.7787952099969825
0.4519302512197234
0.7643677813069665
0.07713988419417528
0.3106896185158571
0.3055113230069887
0.7327313741235864
0.8480855299220876
0.664120072509729
0.7281560902119021
0.6188926523917567
0.4808629585835238
0.1680372897707172
0.9197561208712125
0.8360371950107025
0.11419234134183154
0.5985019059973599
0.7270526872164726
0.8174452416313771
0.20083069113261198
0.6840715069738279
0.3659060905404933
0.4820456268591784
0.8503683151234029
0.8863076610680028
0.897425064955907
0.6583886269652517
0.6404098198935768
0.19656154312879281
0.7213634688579557
0.022427395366456104
0.598524621512847
0.9243955768111999
0.006182892245670146
0.5177034231712856
0.357059779602353
0.4316339097039589
0.6132223774005771
0.5074868866974473
0.8523806250835578
0.8575601712553058
