0,0
1000,0.0024
2000,0.0006
3000,-0.001
4000,-0.004
5000,-0.0108
6000,-0.0146
7000,-0.021
8000,-0.023
9000,-0.018
10000,-0.0188
11000,-0.016
12000,-0.0194
13000,-0.0234
14000,-0.0194
15000,-0.0162
16000,-0.0188
17000,-0.019
18000,-0.0198
19000,-0.0168
20000,-0.0162
21000,-0.015
22000,-0.0158
23000,-0.0146
24000,-0.0168
25000,-0.0212
26000,-0.0198
27000,-0.0166
28000,-0.0236
29000,-0.0268
30000,-0.0224
31000,-0.021
32000,-0.023
33000,-0.0214
34000,-0.0204
35000,-0.0268
36000,-0.028
37000,-0.0256
38000,-0.027
39000,-0.0268
40000,-0.0246
41000,-0.0288
42000,-0.0296
43000,-0.0296
44000,-0.0304
45000,-0.033
46000,-0.0324
47000,-0.0366
48000,-0.0372
49000,-0.041
50000,-0.036
51000,-0.038
52000,-0.0356
53000,-0.0324
54000,-0.0326
55000,-0.0304
56000,-0.0274
57000,-0.0254
58000,-0.0272
59000,-0.026
60000,-0.0238
61000,-0.023
62000,-0.0206
63000,-0.023
64000,-0.0266
65000,-0.0242
66000,-0.025
67000,-0.0254
68000,-0.0226
69000,-0.0272
70000,-0.0276
71000,-0.0248
72000,-0.025
73000,-0.0236
74000,-0.0256
75000,-0.0266
76000,-0.0262
77000,-0.0284
78000,-0.0278
79000,-0.0294
80000,-0.0288
81000,-0.03
82000,-0.031
83000,-0.0312
84000,-0.0356
85000,-0.0348
86000,-0.0346
87000,-0.0348
88000,-0.0354
89000,-0.0376
90000,-0.0336
91000,-0.0352
92000,-0.0322
93000,-0.0304
94000,-0.0292
95000,-0.0252
96000,-0.0258
97000,-0.0278
98000,-0.0292
99000,-0.0314
100000,-0.0306
101000,-0.0296
102000,-0.0288
103000,-0.028
104000,-0.0292
105000,-0.0276
106000,-0.028
107000,-0.0288
108000,-0.0258
109000,-0.0254
110000,-0.0262
111000,-0.0266
112000,-0.0274
113000,-0.0254
114000,-0.0264
115000,-0.0264
116000,-0.0256
117000,-0.0254
118000,-0.0252
119000,-0.0234
120000,-0.0202
121000,-0.0198
122000,-0.0204
123000,-0.0162
124000,-0.017
125000,-0.0182
126000,-0.0172
127000,-0.0198
128000,-0.0194
129000,-0.0206
130000,-0.0216
131000,-0.023
132000,-0.0244
133000,-0.022
134000,-0.0222
135000,-0.021
136000,-0.0194
137000,-0.0216
138000,-0.0212
139000,-0.0206
140000,-0.0196
141000,-0.019
142000,-0.0188
143000,-0.0174
144000,-0.018
145000,-0.02
146000,-0.0198
147000,-0.0192
148000,-0.0186
149000,-0.0186
150000,-0.0184
151000,-0.0206
152000,-0.0234
153000,-0.0228
154000,-0.0234
155000,-0.0282
156000,-0.0288
157000,-0.0284
158000,-0.0274
159000,-0.0258
160000,-0.0244
161000,-0.0256
162000,-0.0262
163000,-0.0276
164000,-0.0252
165000,-0.0236
166000,-0.0262
167000,-0.0276
168000,-0.028
169000,-0.0306
170000,-0.0308
171000,-0.0294
172000,-0.0318
173000,-0.0336
174000,-0.0332
175000,-0.035
176000,-0.0358
177000,-0.0364
178000,-0.0374
179000,-0.034
180000,-0.0326
181000,-0.0326
182000,-0.0324
183000,-0.0346
184000,-0.0336
185000,-0.0366
186000,-0.036
187000,-0.0362
188000,-0.0364
189000,-0.0384
190000,-0.0402
191000,-0.044
192000,-0.0442
193000,-0.042
194000,-0.0424
195000,-0.0408
196000,-0.0406
197000,-0.0402
198000,-0.04
199000,-0.0394
200000,-0.0386
201000,-0.0386
202000,-0.0398
203000,-0.0382
204000,-0.0382
205000,-0.0382
206000,-0.0394
207000,-0.0402
208000,-0.0384
209000,-0.037
210000,-0.0364
211000,-0.037
212000,-0.0358
213000,-0.0354
214000,-0.0374
215000,-0.0372
216000,-0.0366
217000,-0.0366
218000,-0.035
219000,-0.033
220000,-0.036
221000,-0.0346
222000,-0.036
223000,-0.0342
224000,-0.0352
225000,-0.035
226000,-0.0352
227000,-0.0348
228000,-0.0338
229000,-0.0344
230000,-0.0348
231000,-0.0332
232000,-0.0314
233000,-0.0326
234000,-0.0328
235000,-0.0336
236000,-0.0322
237000,-0.0336
238000,-0.0342
239000,-0.035
240000,-0.0344
241000,-0.035
242000,-0.0364
243000,-0.0352
244000,-0.035
245000,-0.035
246000,-0.0356
247000,-0.0352
248000,-0.0354
249000,-0.0364
250000,-0.0368
251000,-0.0366
252000,-0.0346
253000,-0.0366
254000,-0.0376
255000,-0.0366
256000,-0.0382
257000,-0.039
258000,-0.04
259000,-0.0394
260000,-0.0402
261000,-0.0408
262000,-0.0432
263000,-0.0442
264000,-0.0448
265000,-0.045
266000,-0.0466
267000,-0.047
268000,-0.0458
269000,-0.0448
270000,-0.0454
271000,-0.0458
272000,-0.046
273000,-0.0484
274000,-0.05
275000,-0.0486
276000,-0.0482
277000,-0.0488
278000,-0.0488
279000,-0.048
280000,-0.0492
281000,-0.0488
282000,-0.0498
283000,-0.0472
284000,-0.0476
285000,-0.0478
286000,-0.0484
287000,-0.0482
288000,-0.0462
289000,-0.045
290000,-0.0478
291000,-0.047
292000,-0.0468
293000,-0.0472
294000,-0.0492
295000,-0.049
296000,-0.0478
297000,-0.0446
298000,-0.0444
299000,-0.043
300000,-0.0432
301000,-0.045
302000,-0.0442
303000,-0.0442
304000,-0.0442
305000,-0.0452
306000,-0.0472
307000,-0.0492
308000,-0.0476
309000,-0.0488
310000,-0.0488
311000,-0.0496
312000,-0.0512
313000,-0.0522
314000,-0.0532
315000,-0.0534
316000,-0.0528
317000,-0.0528
318000,-0.0536
319000,-0.0522
320000,-0.0544
321000,-0.0532
322000,-0.051
323000,-0.05
324000,-0.0548
325000,-0.0544
326000,-0.055
327000,-0.0556
328000,-0.0558
329000,-0.0576
330000,-0.0596
331000,-0.06
332000,-0.0624
333000,-0.0634
334000,-0.0622
335000,-0.0622
336000,-0.0634
337000,-0.062
338000,-0.0644
339000,-0.0612
340000,-0.06
341000,-0.0614
342000,-0.0634
343000,-0.0632
344000,-0.065
345000,-0.0628
346000,-0.0614
347000,-0.0618
348000,-0.0606
349000,-0.0618
350000,-0.061
351000,-0.0614
352000,-0.061
353000,-0.0618
354000,-0.0622
355000,-0.0614
356000,-0.0624
357000,-0.0634
358000,-0.065
359000,-0.066
360000,-0.0658
361000,-0.0642
362000,-0.067
363000,-0.0702
364000,-0.071
365000,-0.0704
366000,-0.0666
367000,-0.0686
368000,-0.0674
369000,-0.067
370000,-0.0682
371000,-0.0718
372000,-0.0712
373000,-0.073
374000,-0.0724
375000,-0.075
376000,-0.0742
377000,-0.076
378000,-0.0744
379000,-0.0734
380000,-0.0734
381000,-0.074
382000,-0.0754
383000,-0.076
384000,-0.076
385000,-0.076
386000,-0.077
387000,-0.0738
388000,-0.0768
389000,-0.0794
390000,-0.0776
391000,-0.0778
392000,-0.0776
393000,-0.077
394000,-0.0786
395000,-0.0782
396000,-0.0802
397000,-0.0802
398000,-0.08
399000,-0.08
400000,-0.0788
401000,-0.0784
402000,-0.0804
403000,-0.0812
404000,-0.081
405000,-0.08
406000,-0.0798
407000,-0.08
408000,-0.0824
409000,-0.0838
410000,-0.0856
411000,-0.0862
412000,-0.0848
413000,-0.0832
414000,-0.084
415000,-0.0852
416000,-0.0864
417000,-0.086
418000,-0.0862
419000,-0.0878
420000,-0.0884
421000,-0.0892
422000,-0.0908
423000,-0.0912
424000,-0.0914
425000,-0.0916
426000,-0.091
427000,-0.09
428000,-0.0882
429000,-0.0866
430000,-0.085
431000,-0.0854
432000,-0.0858
433000,-0.0834
434000,-0.0852
435000,-0.0828
436000,-0.0818
437000,-0.0826
438000,-0.083
439000,-0.0826
440000,-0.0834
441000,-0.0814
442000,-0.0812
443000,-0.0816
444000,-0.0826
445000,-0.082
446000,-0.0838
447000,-0.084
448000,-0.0828
449000,-0.0806
450000,-0.082
451000,-0.0838
452000,-0.0836
453000,-0.0826
454000,-0.083
455000,-0.0834
456000,-0.082
457000,-0.0816
458000,-0.081
459000,-0.0816
460000,-0.0814
461000,-0.0802
462000,-0.0796
463000,-0.08
464000,-0.081
465000,-0.0838
466000,-0.0826
467000,-0.084
468000,-0.0828
469000,-0.0812
470000,-0.081
471000,-0.082
472000,-0.0824
473000,-0.0828
474000,-0.082
475000,-0.0834
476000,-0.0818
477000,-0.0802
478000,-0.0802
479000,-0.0782
480000,-0.0754
481000,-0.075
482000,-0.0736
483000,-0.0736
484000,-0.0736
485000,-0.0722
486000,-0.0714
487000,-0.0692
488000,-0.0688
489000,-0.0684
490000,-0.0674
491000,-0.0676
492000,-0.0702
493000,-0.0692
494000,-0.0676
495000,-0.0686
496000,-0.067
497000,-0.0676
498000,-0.0694
499000,-0.0708
500000,-0.0724
501000,-0.0734
502000,-0.0736
503000,-0.0732
504000,-0.0702
505000,-0.0686
506000,-0.0662
507000,-0.0662
508000,-0.067
509000,-0.0688
510000,-0.0684
511000,-0.0674
512000,-0.0674
513000,-0.0684
514000,-0.0678
515000,-0.0682
516000,-0.0678
517000,-0.067
518000,-0.0652
519000,-0.0646
520000,-0.0644
521000,-0.0644
522000,-0.0636
523000,-0.0656
524000,-0.065
525000,-0.0638
526000,-0.0646
527000,-0.0648
528000,-0.0644
529000,-0.0648
530000,-0.0658
531000,-0.0646
532000,-0.0662
533000,-0.066
534000,-0.066
535000,-0.0656
536000,-0.0648
537000,-0.0644
538000,-0.0662
539000,-0.0652
540000,-0.0644
541000,-0.0634
542000,-0.062
543000,-0.0594
544000,-0.0592
545000,-0.0604
546000,-0.061
547000,-0.0608
548000,-0.0602
549000,-0.061
550000,-0.058
551000,-0.0578
552000,-0.0586
553000,-0.0572
554000,-0.0582
555000,-0.0582
556000,-0.0584
557000,-0.0594
558000,-0.0586
559000,-0.0602
560000,-0.0598
561000,-0.0596
562000,-0.0572
563000,-0.0572
564000,-0.0554
565000,-0.0532
566000,-0.0554
567000,-0.056
568000,-0.056
569000,-0.054
570000,-0.0542
571000,-0.056
572000,-0.0578
573000,-0.0592
574000,-0.0596
575000,-0.0616
576000,-0.0612
577000,-0.0622
578000,-0.0614
579000,-0.0602
580000,-0.0606
581000,-0.061
582000,-0.0602
583000,-0.0588
584000,-0.0578
585000,-0.0586
586000,-0.0586
587000,-0.0592
588000,-0.0594
589000,-0.0588
590000,-0.0586
591000,-0.058
592000,-0.057
593000,-0.0572
594000,-0.0552
595000,-0.0538
596000,-0.053
597000,-0.0532
598000,-0.053
599000,-0.0524
600000,-0.0538
601000,-0.0544
602000,-0.053
603000,-0.0504
604000,-0.05
605000,-0.0494
606000,-0.0476
607000,-0.0474
608000,-0.0492
609000,-0.048
610000,-0.0486
611000,-0.05
612000,-0.0512
613000,-0.0512
614000,-0.0506
615000,-0.0498
616000,-0.0498
617000,-0.0484
618000,-0.0502
619000,-0.0482
620000,-0.0466
621000,-0.0496
622000,-0.049
623000,-0.0482
624000,-0.0486
625000,-0.0486
626000,-0.048
627000,-0.047
628000,-0.0456
629000,-0.0446
630000,-0.0458
631000,-0.0454
632000,-0.0424
633000,-0.0432
634000,-0.043
635000,-0.0438
636000,-0.044
637000,-0.0438
638000,-0.046
639000,-0.045
640000,-0.0448
641000,-0.0456
642000,-0.0444
643000,-0.044
644000,-0.0434
645000,-0.0426
646000,-0.0388
647000,-0.0366
648000,-0.0356
649000,-0.0362
650000,-0.035
651000,-0.0332
652000,-0.035
653000,-0.0334
654000,-0.033
655000,-0.0316
656000,-0.0322
657000,-0.0334
658000,-0.0338
659000,-0.0332
660000,-0.0336
661000,-0.0354
662000,-0.037
663000,-0.0358
664000,-0.0372
665000,-0.0406
666000,-0.0396
667000,-0.0394
668000,-0.0398
669000,-0.0368
670000,-0.037
671000,-0.037
672000,-0.0388
673000,-0.0362
674000,-0.036
675000,-0.0372
676000,-0.0372
677000,-0.0392
678000,-0.038
679000,-0.0398
680000,-0.0388
681000,-0.0396
682000,-0.0384
683000,-0.0384
684000,-0.0384
685000,-0.0412
686000,-0.0412
687000,-0.043
688000,-0.0414
689000,-0.0414
690000,-0.0414
691000,-0.042
692000,-0.0392
693000,-0.0402
694000,-0.0414
695000,-0.0414
696000,-0.0414
697000,-0.0418
698000,-0.0438
699000,-0.045
700000,-0.0456
701000,-0.0446
702000,-0.047
703000,-0.0472
704000,-0.046
705000,-0.0472
706000,-0.0472
707000,-0.0478
708000,-0.0486
709000,-0.0482
710000,-0.0454
711000,-0.047
712000,-0.0482
713000,-0.0484
714000,-0.0486
715000,-0.0482
716000,-0.0466
717000,-0.0448
718000,-0.0458
719000,-0.0476
720000,-0.0468
721000,-0.0472
722000,-0.0494
723000,-0.049
724000,-0.0476
725000,-0.0474
726000,-0.0472
727000,-0.0458
728000,-0.047
729000,-0.0478
730000,-0.048
731000,-0.0494
732000,-0.0498
733000,-0.0488
734000,-0.0492
735000,-0.0514
736000,-0.0528
737000,-0.0536
738000,-0.0548
739000,-0.0544
740000,-0.054
741000,-0.0522
742000,-0.0508
743000,-0.0504
744000,-0.0512
745000,-0.0534
746000,-0.0542
747000,-0.054
748000,-0.0526
749000,-0.0536
750000,-0.0552
751000,-0.0538
752000,-0.0516
753000,-0.0536
754000,-0.0538
755000,-0.0536
756000,-0.0536
757000,-0.0534
758000,-0.052
759000,-0.0518
760000,-0.0516
761000,-0.0518
762000,-0.0514
763000,-0.0506
764000,-0.0502
765000,-0.0494
766000,-0.0486
767000,-0.0506
768000,-0.0496
769000,-0.0488
770000,-0.0508
771000,-0.0514
772000,-0.0502
773000,-0.051
774000,-0.051
775000,-0.0496
776000,-0.049
777000,-0.049
778000,-0.0492
779000,-0.0498
780000,-0.0498
781000,-0.0506
782000,-0.0494
783000,-0.05
784000,-0.0504
785000,-0.0494
786000,-0.049
787000,-0.0502
788000,-0.048
789000,-0.0454
790000,-0.0452
791000,-0.0442
792000,-0.0446
793000,-0.045
794000,-0.0464
795000,-0.0458
796000,-0.0438
797000,-0.0444
798000,-0.044
799000,-0.044
800000,-0.0422
801000,-0.0414
802000,-0.0418
803000,-0.0454
804000,-0.0456
805000,-0.044
806000,-0.0432
807000,-0.0428
808000,-0.042
809000,-0.0426
810000,-0.0432
811000,-0.046
812000,-0.0454
813000,-0.0458
814000,-0.0462
815000,-0.047
816000,-0.0482
817000,-0.045
818000,-0.0458
819000,-0.0446
820000,-0.0434
821000,-0.0452
822000,-0.0414
823000,-0.0408
824000,-0.0396
825000,-0.0382
826000,-0.0378
827000,-0.0366
828000,-0.0348
829000,-0.0356
830000,-0.0354
831000,-0.0342
832000,-0.0348
833000,-0.034
834000,-0.0354
835000,-0.0356
836000,-0.0352
837000,-0.0366
838000,-0.0362
839000,-0.0362
840000,-0.0376
841000,-0.0344
842000,-0.0338
843000,-0.0326
844000,-0.0332
845000,-0.033
846000,-0.0308
847000,-0.0306
848000,-0.0316
849000,-0.0314
850000,-0.0324
851000,-0.0326
852000,-0.0326
853000,-0.0316
854000,-0.033
855000,-0.0328
856000,-0.0322
857000,-0.0344
858000,-0.0326
859000,-0.0336
860000,-0.0356
861000,-0.0372
862000,-0.0352
863000,-0.0376
864000,-0.0364
865000,-0.0358
866000,-0.0366
867000,-0.0372
868000,-0.0372
869000,-0.0352
870000,-0.0346
871000,-0.0368
872000,-0.0368
873000,-0.0362
874000,-0.0346
875000,-0.0342
876000,-0.0352
877000,-0.035
878000,-0.0348
879000,-0.0338
880000,-0.0346
881000,-0.0356
882000,-0.0366
883000,-0.0366
884000,-0.0368
885000,-0.035
886000,-0.036
887000,-0.0374
888000,-0.0378
889000,-0.0378
890000,-0.0386
891000,-0.0368
892000,-0.0348
893000,-0.0334
894000,-0.0336
895000,-0.0344
896000,-0.0336
897000,-0.033
898000,-0.0316
899000,-0.0298
900000,-0.0318
901000,-0.0312
902000,-0.032
903000,-0.0326
904000,-0.0314
905000,-0.0322
906000,-0.0316
907000,-0.0304
908000,-0.0294
909000,-0.0276
910000,-0.0278
911000,-0.0276
912000,-0.0272
913000,-0.0254
914000,-0.0256
915000,-0.0236
916000,-0.0224
917000,-0.0214
918000,-0.0198
919000,-0.0218
920000,-0.0206
921000,-0.0206
922000,-0.0212
923000,-0.0206
924000,-0.019
925000,-0.0186
926000,-0.0186
927000,-0.0194
928000,-0.0194
929000,-0.0202
930000,-0.0196
931000,-0.0194
932000,-0.0194
933000,-0.0204
934000,-0.0216
935000,-0.0222
936000,-0.0228
937000,-0.0234
938000,-0.0242
939000,-0.0234
940000,-0.0232
941000,-0.0214
942000,-0.0238
943000,-0.0246
944000,-0.026
945000,-0.024
946000,-0.0238
947000,-0.0236
948000,-0.0224
949000,-0.0212
950000,-0.0206
951000,-0.0206
952000,-0.0206
953000,-0.0208
954000,-0.0212
955000,-0.0206
956000,-0.0218
957000,-0.0222
958000,-0.0192
959000,-0.0198
960000,-0.021
961000,-0.0204
962000,-0.0192
963000,-0.0194
964000,-0.0204
965000,-0.0188
966000,-0.0176
967000,-0.0186
968000,-0.0176
969000,-0.0184
970000,-0.0196
971000,-0.0208
972000,-0.0204
973000,-0.0216
974000,-0.0208
975000,-0.019
976000,-0.018
977000,-0.0178
978000,-0.0188
979000,-0.0194
980000,-0.019
981000,-0.0186
982000,-0.0196
983000,-0.0206
984000,-0.0212
985000,-0.022
986000,-0.0228
987000,-0.0214
988000,-0.0218
989000,-0.0218
990000,-0.0218
991000,-0.0226
992000,-0.023
993000,-0.023
994000,-0.022
995000,-0.0228
996000,-0.0244
997000,-0.0258
998000,-0.027
